Freq[Hz]     dBSPL  Phase[Deg]
5.00000     -0.001    -0.810
5.07273     -0.001    -0.822
5.14651     -0.001    -0.834
5.22137     -0.001    -0.846
5.29732     -0.001    -0.858
5.37437     -0.001    -0.871
5.45254     -0.001    -0.883
5.53185     -0.001    -0.896
5.61231     -0.001    -0.909
5.69394     -0.001    -0.922
5.77676     -0.001    -0.936
5.86079     -0.001    -0.949
5.94604     -0.001    -0.963
6.03252     -0.001    -0.977
6.12027     -0.001    -0.991
6.20929     -0.001    -1.006
6.29961     -0.001    -1.021
6.39124     -0.001    -1.035
6.48420     -0.001    -1.050
6.57851     -0.001    -1.066
6.67420     -0.001    -1.081
6.77128     -0.001    -1.097
6.86977     -0.001    -1.113
6.96969     -0.001    -1.129
7.07107     -0.001    -1.146
7.17392     -0.001    -1.162
7.27827     -0.001    -1.179
7.38413     -0.001    -1.196
7.49154     -0.001    -1.214
7.60050     -0.001    -1.231
7.71105     -0.001    -1.249
7.82321     -0.001    -1.267
7.93701     -0.001    -1.286
8.05245     -0.001    -1.305
8.16958     -0.001    -1.323
8.28841     -0.001    -1.343
8.40896     -0.001    -1.362
8.53128     -0.001    -1.382
8.65537     -0.001    -1.402
8.78126     -0.001    -1.423
8.90899     -0.001    -1.443
9.03857     -0.001    -1.464
9.17004     -0.001    -1.486
9.30342     -0.001    -1.507
9.43874     -0.001    -1.529
9.57603     -0.001    -1.551
9.71532     -0.001    -1.574
9.85663     -0.001    -1.597
10.0000     -0.001    -1.620
10.1455     -0.001    -1.644
10.2930     -0.001    -1.668
10.4427     -0.001    -1.692
10.5946     -0.001    -1.716
10.7487     -0.001    -1.741
10.9051     -0.001    -1.767
11.0637     -0.001    -1.792
11.2246     -0.001    -1.818
11.3879     -0.001    -1.845
11.5535     -0.001    -1.872
11.7216     -0.001    -1.899
11.8921     -0.001    -1.927
12.0650     -0.001    -1.955
12.2405     -0.001    -1.983
12.4186     -0.001    -2.012
12.5992     -0.001    -2.041
12.7825     -0.001    -2.071
12.9684     -0.001    -2.101
13.1570     -0.001    -2.132
13.3484     -0.001    -2.163
13.5426     -0.001    -2.194
13.7395     -0.001    -2.226
13.9394     -0.001    -2.258
14.1421     -0.001    -2.291
14.3478     -0.001    -2.324
14.5565     -0.001    -2.358
14.7683     -0.001    -2.393
14.9831     -0.001    -2.427
15.2010     -0.001    -2.463
15.4221     -0.001    -2.499
15.6464     -0.001    -2.535
15.8740     -0.001    -2.572
16.1049     -0.001    -2.609
16.3392     -0.001    -2.647
16.5768     -0.001    -2.686
16.8179     -0.001    -2.725
17.0626     -0.001    -2.764
17.3107     -0.001    -2.805
17.5625     -0.001    -2.845
17.8180     -0.001    -2.887
18.0771     -0.001    -2.929
18.3401     -0.001    -2.971
18.6068     -0.001    -3.015
18.8775     -0.001    -3.058
19.1521     -0.001    -3.103
19.4306     -0.001    -3.148
19.7133     -0.001    -3.194
20.0000     -0.001    -3.240
20.2909     -0.001    -3.288
20.5860     -0.001    -3.335
20.8855     -0.001    -3.384
21.1893     -0.001    -3.433
21.4975     -0.001    -3.483
21.8102     -0.001    -3.534
22.1274     -0.001    -3.585
22.4492     -0.001    -3.637
22.7758     -0.001    -3.690
23.1071     -0.001    -3.744
23.4432     -0.001    -3.798
23.7841     -0.001    -3.854
24.1301     -0.001    -3.910
24.4811     -0.001    -3.967
24.8372     -0.001    -4.024
25.1984     -0.001    -4.083
25.5649     -0.001    -4.142
25.9368     -0.001    -4.203
26.3141     -0.001    -4.264
26.6968     -0.001    -4.326
27.0851     -0.001    -4.389
27.4791     -0.001    -4.453
27.8788     -0.001    -4.517
28.2843     -0.001    -4.583
28.6957     -0.001    -4.650
29.1131     -0.001    -4.718
29.5365     -0.001    -4.786
29.9661     -0.001    -4.856
30.4020     -0.001    -4.927
30.8442     -0.001    -4.998
31.2929     -0.001    -5.071
31.7480     -0.001    -5.145
32.2098     -0.001    -5.220
32.6783     -0.001    -5.296
33.1536     -0.001    -5.373
33.6359     -0.001    -5.451
34.1251     -0.001    -5.530
34.6215     -0.001    -5.611
35.1250     -0.001    -5.693
35.6359     -0.001    -5.775
36.1543     -0.001    -5.859
36.6802     -0.001    -5.945
37.2137     -0.001    -6.031
37.7550     -0.001    -6.119
38.3041     -0.001    -6.208
38.8613     -0.001    -6.299
39.4265     -0.001    -6.390
40.0000     -0.001    -6.483
40.5818     -0.001    -6.578
41.1721     -0.001    -6.674
41.7710     -0.001    -6.771
42.3785     -0.001    -6.869
42.9949     -0.001    -6.969
43.6203     -0.001    -7.071
44.2548     -0.001    -7.174
44.8985     -0.001    -7.278
45.5515     -0.001    -7.384
46.2141     -0.001    -7.492
46.8863     -0.001    -7.601
47.5683     -0.001    -7.712
48.2602     -0.001    -7.824
48.9621     -0.001    -7.938
49.6743     -0.001    -8.054
50.3968     -0.001    -8.171
51.1299     -0.001    -8.290
51.8736     -0.001    -8.411
52.6281     -0.001    -8.533
53.3936     -0.001    -8.658
54.1702     -0.001    -8.784
54.9581     -0.001    -8.912
55.7575     -0.001    -9.042
56.5685     -0.001    -9.174
57.3914     -0.001    -9.307
58.2261     -0.001    -9.443
59.0730     -0.001    -9.581
59.9323     -0.001    -9.721
60.8040     -0.001    -9.862
61.6884     -0.001   -10.006
62.5857     -0.001   -10.152
63.4960     -0.001   -10.300
64.4196     -0.001   -10.450
65.3566     -0.001   -10.603
66.3073     -0.001   -10.757
67.2717     -0.001   -10.914
68.2502     -0.001   -11.074
69.2429     -0.001   -11.235
70.2501     -0.001   -11.399
71.2719     -0.001   -11.565
72.3086     -0.001   -11.734
73.3603     -0.001   -11.905
74.4274     -0.001   -12.079
75.5099     -0.001   -12.256
76.6083     -0.001   -12.435
77.7226     -0.001   -12.616
78.8531     -0.001   -12.800
80.0000     -0.001   -12.987
81.1636     -0.001   -13.177
82.3442     -0.001   -13.370
83.5419     -0.002   -13.565
84.7570     -0.002   -13.763
85.9899     -0.002   -13.964
87.2406     -0.002   -14.168
88.5096     -0.002   -14.376
89.7970     -0.002   -14.586
91.1031     -0.002   -14.799
92.4282     -0.002   -15.016
93.7726     -0.002   -15.235
95.1366     -0.002   -15.458
96.5204     -0.002   -15.684
97.9243     -0.002   -15.914
99.3486     -0.002   -16.147
100.794     -0.002   -16.383
102.260     -0.002   -16.623
103.747     -0.002   -16.867
105.256     -0.002   -17.114
106.787     -0.002   -17.365
108.340     -0.002   -17.619
109.916     -0.002   -17.877
111.515     -0.002   -18.140
113.137     -0.003   -18.406
114.783     -0.003   -18.676
116.452     -0.003   -18.950
118.146     -0.003   -19.228
119.865     -0.003   -19.510
121.608     -0.003   -19.797
123.377     -0.003   -20.087
125.171     -0.003   -20.382
126.992     -0.003   -20.682
128.839     -0.003   -20.986
130.713     -0.004   -21.295
132.615     -0.004   -21.608
134.543     -0.004   -21.926
136.500     -0.004   -22.249
138.486     -0.004   -22.576
140.500     -0.004   -22.909
142.544     -0.005   -23.246
144.617     -0.005   -23.589
146.721     -0.005   -23.937
148.855     -0.005   -24.290
151.020     -0.006   -24.648
153.217     -0.006   -25.012
155.445     -0.006   -25.382
157.706     -0.006   -25.757
160.000     -0.007   -26.137
162.327     -0.007   -26.524
164.688     -0.007   -26.916
167.084     -0.008   -27.315
169.514     -0.008   -27.719
171.980     -0.009   -28.130
174.481     -0.009   -28.547
177.019     -0.010   -28.971
179.594     -0.010   -29.401
182.206     -0.011   -29.837
184.856     -0.011   -30.280
187.545     -0.012   -30.731
190.273     -0.012   -31.188
193.041     -0.013   -31.652
195.849     -0.014   -32.123
198.697     -0.015   -32.602
201.587     -0.015   -33.088
204.520     -0.016   -33.582
207.494     -0.017   -34.083
210.512     -0.018   -34.593
213.574     -0.019   -35.110
216.681     -0.020   -35.635
219.833     -0.021   -36.169
223.030     -0.023   -36.711
226.274     -0.024   -37.262
229.565     -0.025   -37.821
232.905     -0.027   -38.390
236.292     -0.028   -38.967
239.729     -0.030   -39.553
243.216     -0.031   -40.149
246.754     -0.033   -40.754
250.343     -0.035   -41.369
253.984     -0.037   -41.994
257.678     -0.039   -42.629
261.426     -0.042   -43.274
265.229     -0.044   -43.930
269.087     -0.046   -44.596
273.001     -0.049   -45.273
276.972     -0.052   -45.961
281.000     -0.055   -46.660
285.088     -0.058   -47.371
289.234     -0.062   -48.093
293.441     -0.065   -48.827
297.709     -0.069   -49.574
302.040     -0.073   -50.332
306.433     -0.077   -51.103
310.890     -0.082   -51.887
315.412     -0.087   -52.684
320.000     -0.092   -53.494
324.655     -0.097   -54.317
329.377     -0.103   -55.155
334.168     -0.109   -56.006
339.028     -0.115   -56.871
343.959     -0.122   -57.751
348.962     -0.129   -58.646
354.038     -0.136   -59.556
359.188     -0.144   -60.482
364.412     -0.153   -61.423
369.713     -0.162   -62.380
375.090     -0.171   -63.353
380.546     -0.181   -64.343
386.081     -0.192   -65.350
391.697     -0.203   -66.374
397.394     -0.215   -67.416
403.175     -0.227   -68.475
409.039     -0.241   -69.553
414.989     -0.255   -70.649
421.025     -0.270   -71.763
427.149     -0.285   -72.897
433.362     -0.302   -74.051
439.665     -0.319   -75.224
446.060     -0.338   -76.418
452.548     -0.358   -77.632
459.131     -0.378   -78.866
465.809     -0.400   -80.122
472.584     -0.423   -81.400
479.458     -0.448   -82.699
486.432     -0.474   -84.021
493.507     -0.501   -85.365
500.686     -0.530   -86.732
507.968     -0.560   -88.122
515.357     -0.593   -89.536
522.853     -0.627   -90.974
530.458     -0.662   -92.435
538.174     -0.700   -93.922
546.002     -0.740   -95.432
553.943     -0.782   -96.968
562.001     -0.826   -98.529
570.175     -0.873  -100.115
578.469     -0.922  -101.727
586.883     -0.974  -103.365
595.419     -1.029  -105.028
604.080     -1.086  -106.718
612.866     -1.147  -108.434
621.780     -1.210  -110.176
630.824     -1.277  -111.945
640.000     -1.347  -113.740
649.309     -1.421  -115.561
658.753     -1.499  -117.408
668.335     -1.580  -119.282
678.056     -1.666  -121.181
687.919     -1.755  -123.106
697.925     -1.849  -125.057
708.077     -1.948  -127.033
718.376     -2.051  -129.034
728.825     -2.159  -131.059
739.426     -2.272  -133.109
750.181     -2.390  -135.181
761.093     -2.513  -137.277
772.163     -2.642  -139.395
783.394     -2.776  -141.534
794.789     -2.916  -143.694
806.349     -3.063  -145.874
818.078     -3.215  -148.073
829.977     -3.373  -150.290
842.050     -3.538  -152.524
854.298     -3.709  -154.774
866.724     -3.887  -157.038
879.330     -4.071  -159.317
892.120     -4.262  -161.608
905.097     -4.460  -163.910
918.262     -4.665  -166.222
931.618     -4.877  -168.542
945.169     -5.097  -170.869
958.917     -5.323  -173.203
972.864     -5.557  -175.540
987.015     -5.798  -177.881
1001.37     -6.046   179.778
1015.94     -6.301   177.436
1030.71     -6.564   175.096
1045.71     -6.834   172.759
1060.92     -7.111   170.426
1076.35     -7.395   168.100
1092.00     -7.686   165.780
1107.89     -7.985   163.469
1124.00     -8.290   161.169
1140.35     -8.602   158.879
1156.94     -8.921   156.602
1173.77     -9.247   154.339
1190.84     -9.579   152.091
1208.16     -9.918   149.859
1225.73    -10.263   147.644
1243.56    -10.614   145.448
1261.65    -10.971   143.270
1280.00    -11.335   141.112
1298.62    -11.703   138.976
1317.51    -12.078   136.860
1336.67    -12.458   134.767
1356.11    -12.843   132.697
1375.84    -13.234   130.651
1395.85    -13.629   128.628
1416.15    -14.029   126.630
1436.75    -14.434   124.657
1457.65    -14.843   122.709
1478.85    -15.257   120.787
1500.36    -15.675   118.890
1522.19    -16.097   117.019
1544.33    -16.522   115.175
1566.79    -16.952   113.356
1589.58    -17.385   111.564
1612.70    -17.821   109.799
1636.16    -18.261   108.059
1659.95    -18.704   106.346
1684.10    -19.150   104.659
1708.60    -19.598   102.998
1733.45    -20.050   101.363
1758.66    -20.504    99.753
1784.24    -20.961    98.170
1810.19    -21.420    96.611
1836.52    -21.881    95.078
1863.24    -22.345    93.569
1890.34    -22.810    92.086
1917.83    -23.278    90.626
1945.73    -23.747    89.190
1974.03    -24.219    87.779
2002.74    -24.692    86.390
2031.87    -25.167    85.025
2061.43    -25.643    83.683
2091.41    -26.121    82.363
2121.83    -26.600    81.065
2152.69    -27.080    79.789
2184.01    -27.562    78.534
2215.77    -28.045    77.301
2248.00    -28.529    76.088
2280.70    -29.015    74.896
2313.87    -29.501    73.724
2347.53    -29.988    72.571
2381.68    -30.477    71.438
2416.32    -30.966    70.324
2451.46    -31.456    69.229
2487.12    -31.947    68.152
2523.30    -32.439    67.094
2560.00    -32.931    66.053
2597.24    -33.424    65.029
2635.01    -33.918    64.023
2673.34    -34.412    63.033
2712.23    -34.908    62.060
2751.68    -35.403    61.103
2791.70    -35.900    60.162
2832.31    -36.396    59.237
2873.50    -36.894    58.326
2915.30    -37.392    57.431
2957.70    -37.890    56.551
3000.72    -38.389    55.685
3044.37    -38.888    54.833
3088.65    -39.388    53.996
3133.58    -39.888    53.172
3179.16    -40.388    52.361
3225.40    -40.889    51.563
3272.31    -41.390    50.779
3319.91    -41.892    50.007
3368.20    -42.394    49.247
3417.19    -42.896    48.500
3466.89    -43.399    47.765
3517.32    -43.902    47.041
3568.48    -44.405    46.330
3620.39    -44.909    45.629
3673.05    -45.413    44.940
3726.47    -45.917    44.261
3780.67    -46.422    43.593
3835.67    -46.927    42.936
3891.46    -47.432    42.289
3948.06    -47.937    41.652
4005.49    -48.443    41.026
4063.75    -48.949    40.409
4122.86    -49.455    39.801
4182.82    -49.962    39.203
4243.66    -50.469    38.614
4305.39    -50.976    38.035
4368.01    -51.483    37.464
4431.55    -51.991    36.902
4496.01    -52.499    36.349
4561.40    -53.007    35.805
4627.75    -53.516    35.268
4695.06    -54.025    34.740
4763.35    -54.534    34.220
4832.64    -55.044    33.707
4902.93    -55.554    33.203
4974.24    -56.064    32.706
5046.60    -56.574    32.217
5120.00    -57.085    31.735
5194.47    -57.596    31.260
5270.03    -58.108    30.792
5346.68    -58.620    30.332
5424.45    -59.132    29.878
5503.35    -59.644    29.431
5583.40    -60.157    28.990
5664.61    -60.671    28.557
5747.01    -61.184    28.129
5830.60    -61.698    27.708
5915.41    -62.213    27.293
6001.45    -62.728    26.884
6088.74    -63.243    26.482
6177.30    -63.759    26.085
6267.15    -64.275    25.694
6358.31    -64.792    25.308
6450.80    -65.309    24.928
6544.62    -65.827    24.554
6639.82    -66.345    24.185
6736.40    -66.864    23.822
6834.38    -67.383    23.464
6933.79    -67.902    23.110
7034.64    -68.423    22.762
7136.96    -68.944    22.419
7240.77    -69.465    22.081
7346.09    -69.987    21.748
7452.94    -70.510    21.420
7561.35    -71.033    21.096
7671.33    -71.557    20.776
7782.91    -72.082    20.462
7896.12    -72.608    20.151
8010.97    -73.134    19.846
8127.49    -73.661    19.544
8245.71    -74.188    19.247
8365.65    -74.717    18.953
8487.33    -75.246    18.664
8610.78    -75.776    18.379
8736.03    -76.307    18.098
8863.09    -76.839    17.821
8992.01    -77.372    17.548
9122.80    -77.906    17.278
9255.50    -78.441    17.012
9390.12    -78.977    16.750
9526.70    -79.514    16.491
9665.27    -80.052    16.236
9805.86    -80.591    15.985
9948.49    -81.131    15.736
10093.2    -81.672    15.492
10240.0    -82.215    15.250
10388.9    -82.759    15.012
10540.1    -83.304    14.777
10693.4    -83.851    14.545
10848.9    -84.399    14.316
11006.7    -84.949    14.090
11166.8    -85.500    13.867
11329.2    -86.052    13.648
11494.0    -86.606    13.431
11661.2    -87.162    13.216
11830.8    -87.720    13.005
12002.9    -88.279    12.797
12177.5    -88.840    12.591
12354.6    -89.403    12.388
12534.3    -89.968    12.187
12716.6    -90.535    11.989
12901.6    -91.104    11.794
13089.2    -91.675    11.601
13279.6    -92.249    11.410
13472.8    -92.825    11.222
13668.8    -93.403    11.036
13867.6    -93.984    10.853
14069.3    -94.567    10.672
14273.9    -95.153    10.493
14481.5    -95.741    10.316
14692.2    -96.333    10.141
14905.9    -96.927     9.969
15122.7    -97.525     9.798
15342.7    -98.126     9.630
15565.8    -98.730     9.464
15792.2    -99.337     9.299
16021.9    -99.948     9.137
16255.0   -100.563     8.976
16491.4   -101.182     8.817
16731.3   -101.804     8.661
16974.7   -102.431     8.505
17221.6   -103.062     8.352
17472.1   -103.698     8.200
17726.2   -104.338     8.050
17984.0   -104.983     7.902
18245.6   -105.633     7.755
18511.0   -106.288     7.610
18780.2   -106.949     7.467
19053.4   -107.615     7.325
19330.5   -108.288     7.184
19611.7   -108.966     7.045
19897.0   -109.651     6.907
20186.4   -110.343     6.771
20480.0   -111.042     6.636
20777.9   -111.748     6.502
21080.1   -112.462     6.370
21386.7   -113.183     6.239
21697.8   -113.914     6.109
22013.4   -114.653     5.980
22333.6   -115.401     5.853
22658.4   -116.159     5.726
22988.0   -116.927     5.601
23322.4   -117.706     5.477
23661.6   -118.496     5.354
24005.8   -119.297     5.231
24355.0   -120.111     5.110
24709.2   -120.939     4.990
25068.6   -121.779     4.870
25433.2   -122.635     4.752
25803.2   -123.506     4.634
26178.5   -124.393     4.517
26559.3   -125.297     4.401
26945.6   -126.219     4.286
27337.5   -127.160     4.171
27735.2   -128.122     4.057
28138.6   -129.106     3.944
28547.9   -130.113     3.831
28963.1   -131.145     3.719
29384.4   -132.203     3.608
29811.8   -133.290     3.496
30245.4   -134.407     3.386
30685.3   -135.556     3.276
31131.7   -136.741     3.166
31584.5   -137.964     3.056
32043.9   -139.228     2.947
32510.0   -140.536     2.838
32982.8   -141.893     2.729
33462.6   -143.302     2.621
33949.3   -144.770     2.512
34443.1   -146.301     2.404
34944.1   -147.902     2.296
35452.4   -149.581     2.188
35968.0   -151.346     2.079
36491.2   -153.208     1.971
37022.0   -155.178     1.862
37560.5   -157.272     1.753
38106.8   -159.506     1.644
38661.1   -161.902     1.534
39223.4   -164.486     1.424
39793.9   -167.291     1.314
