Freq[Hz]     dBSPL  Phase[Deg]
5.00000     -0.001    -1.145
5.07273     -0.001    -1.162
5.14651     -0.001    -1.179
5.22137     -0.001    -1.196
5.29732     -0.001    -1.213
5.37437     -0.001    -1.231
5.45254     -0.001    -1.249
5.53185     -0.001    -1.267
5.61231     -0.001    -1.286
5.69394     -0.001    -1.304
5.77676     -0.001    -1.323
5.86079     -0.001    -1.343
5.94604     -0.001    -1.362
6.03252     -0.001    -1.382
6.12027     -0.001    -1.402
6.20929     -0.001    -1.422
6.29961     -0.001    -1.443
6.39124     -0.001    -1.464
6.48420     -0.001    -1.485
6.57851     -0.001    -1.507
6.67420     -0.001    -1.529
6.77128     -0.001    -1.551
6.86977     -0.001    -1.574
6.96969     -0.001    -1.597
7.07107     -0.001    -1.620
7.17392     -0.001    -1.643
7.27827     -0.001    -1.667
7.38413     -0.001    -1.691
7.49154     -0.001    -1.716
7.60050     -0.001    -1.741
7.71105     -0.001    -1.766
7.82321     -0.001    -1.792
7.93701     -0.001    -1.818
8.05245     -0.001    -1.845
8.16958     -0.001    -1.871
8.28841     -0.001    -1.899
8.40896     -0.001    -1.926
8.53128     -0.001    -1.954
8.65537     -0.001    -1.983
8.78126     -0.001    -2.012
8.90899     -0.001    -2.041
9.03857     -0.001    -2.070
9.17004     -0.001    -2.101
9.30342     -0.001    -2.131
9.43874     -0.001    -2.162
9.57603     -0.001    -2.194
9.71532     -0.001    -2.226
9.85663     -0.001    -2.258
10.0000     -0.001    -2.291
10.1455     -0.001    -2.324
10.2930     -0.001    -2.358
10.4427     -0.001    -2.392
10.5946     -0.001    -2.427
10.7487     -0.001    -2.462
10.9051     -0.001    -2.498
11.0637     -0.001    -2.534
11.2246     -0.001    -2.571
11.3879     -0.001    -2.609
11.5535     -0.001    -2.647
11.7216     -0.001    -2.685
11.8921     -0.001    -2.724
12.0650     -0.001    -2.764
12.2405     -0.001    -2.804
12.4186     -0.001    -2.845
12.5992     -0.001    -2.886
12.7825     -0.001    -2.928
12.9684     -0.001    -2.971
13.1570     -0.001    -3.014
13.3484     -0.001    -3.058
13.5426     -0.001    -3.102
13.7395     -0.001    -3.147
13.9394     -0.001    -3.193
14.1421     -0.001    -3.240
14.3478     -0.001    -3.287
14.5565     -0.001    -3.335
14.7683     -0.001    -3.383
14.9831     -0.001    -3.432
15.2010     -0.001    -3.482
15.4221     -0.001    -3.533
15.6464     -0.001    -3.584
15.8740     -0.001    -3.636
16.1049     -0.001    -3.689
16.3392     -0.001    -3.743
16.5768     -0.001    -3.797
16.8179     -0.001    -3.853
17.0626     -0.001    -3.909
17.3107     -0.001    -3.966
17.5625     -0.001    -4.023
17.8180     -0.001    -4.082
18.0771     -0.001    -4.141
18.3401     -0.001    -4.201
18.6068     -0.001    -4.263
18.8775     -0.001    -4.325
19.1521     -0.001    -4.387
19.4306     -0.001    -4.451
19.7133     -0.001    -4.516
20.0000     -0.001    -4.582
20.2909     -0.001    -4.648
20.5860     -0.001    -4.716
20.8855     -0.001    -4.785
21.1893     -0.001    -4.854
21.4975     -0.001    -4.925
21.8102     -0.001    -4.997
22.1274     -0.001    -5.069
22.4492     -0.001    -5.143
22.7758     -0.001    -5.218
23.1071     -0.001    -5.294
23.4432     -0.001    -5.371
23.7841     -0.001    -5.449
24.1301     -0.001    -5.528
24.4811     -0.001    -5.609
24.8372     -0.001    -5.690
25.1984     -0.001    -5.773
25.5649     -0.001    -5.857
25.9368     -0.001    -5.942
26.3141     -0.001    -6.029
26.6968     -0.001    -6.116
27.0851     -0.001    -6.205
27.4791     -0.001    -6.296
27.8788     -0.001    -6.387
28.2843     -0.001    -6.480
28.6957     -0.001    -6.574
29.1131     -0.001    -6.670
29.5365     -0.001    -6.767
29.9661     -0.001    -6.866
30.4020     -0.001    -6.965
30.8442     -0.001    -7.067
31.2929     -0.001    -7.170
31.7480     -0.001    -7.274
32.2098     -0.001    -7.380
32.6783     -0.001    -7.487
33.1536     -0.001    -7.596
33.6359     -0.001    -7.707
34.1251     -0.001    -7.819
34.6215     -0.001    -7.933
35.1250     -0.001    -8.048
35.6359     -0.001    -8.165
36.1543     -0.001    -8.284
36.6802     -0.001    -8.404
37.2137     -0.001    -8.527
37.7550     -0.001    -8.651
38.3041     -0.001    -8.777
38.8613     -0.001    -8.905
39.4265     -0.001    -9.034
40.0000     -0.001    -9.166
40.5818     -0.001    -9.299
41.1721     -0.001    -9.434
41.7710     -0.001    -9.572
42.3785     -0.001    -9.711
42.9949     -0.001    -9.852
43.6203     -0.001    -9.996
44.2548     -0.001   -10.141
44.8985     -0.001   -10.289
45.5515     -0.001   -10.439
46.2141     -0.001   -10.591
46.8863     -0.001   -10.745
47.5683     -0.001   -10.901
48.2602     -0.001   -11.060
48.9621     -0.001   -11.221
49.6743     -0.001   -11.384
50.3968     -0.001   -11.550
51.1299      0.000   -11.718
51.8736      0.000   -11.889
52.6281      0.000   -12.062
53.3936      0.000   -12.238
54.1702      0.000   -12.416
54.9581      0.000   -12.597
55.7575      0.000   -12.780
56.5685      0.000   -12.966
57.3914      0.000   -13.155
58.2261      0.000   -13.347
59.0730      0.000   -13.541
59.9323      0.000   -13.738
60.8040      0.000   -13.938
61.6884      0.000   -14.141
62.5857      0.000   -14.347
63.4960      0.000   -14.556
64.4196      0.000   -14.768
65.3566      0.000   -14.983
66.3073      0.000   -15.202
67.2717      0.000   -15.423
68.2502      0.000   -15.648
69.2429      0.000   -15.876
70.2501      0.000   -16.107
71.2719      0.000   -16.342
72.3086      0.000   -16.580
73.3603      0.000   -16.822
74.4274      0.000   -17.067
75.5099      0.000   -17.316
76.6083      0.000   -17.568
77.7226      0.000   -17.825
78.8531      0.000   -18.084
80.0000      0.000   -18.348
81.1636      0.000   -18.616
82.3442      0.000   -18.887
83.5419      0.000   -19.163
84.7570      0.000   -19.442
85.9899      0.001   -19.726
87.2406      0.001   -20.013
88.5096      0.001   -20.305
89.7970      0.001   -20.602
91.1031      0.001   -20.902
92.4282      0.001   -21.207
93.7726      0.001   -21.517
95.1366      0.001   -21.831
96.5204      0.001   -22.149
97.9243      0.001   -22.473
99.3486      0.001   -22.801
100.794      0.001   -23.134
102.260      0.001   -23.472
103.747      0.001   -23.815
105.256      0.001   -24.162
106.787      0.001   -24.515
108.340      0.001   -24.874
109.916      0.001   -25.237
111.515      0.002   -25.606
113.137      0.002   -25.980
114.783      0.002   -26.360
116.452      0.002   -26.745
118.146      0.002   -27.137
119.865      0.002   -27.533
121.608      0.002   -27.936
123.377      0.002   -28.345
125.171      0.002   -28.760
126.992      0.002   -29.181
128.839      0.002   -29.608
130.713      0.002   -30.041
132.615      0.002   -30.481
134.543      0.002   -30.928
136.500      0.003   -31.381
138.486      0.003   -31.841
140.500      0.003   -32.307
142.544      0.003   -32.781
144.617      0.003   -33.262
146.721      0.003   -33.749
148.855      0.003   -34.244
151.020      0.003   -34.747
153.217      0.003   -35.257
155.445      0.003   -35.775
157.706      0.003   -36.300
160.000      0.004   -36.833
162.327      0.004   -37.375
164.688      0.004   -37.924
167.084      0.004   -38.482
169.514      0.004   -39.048
171.980      0.004   -39.622
174.481      0.004   -40.205
177.019      0.004   -40.797
179.594      0.004   -41.398
182.206      0.004   -42.008
184.856      0.005   -42.627
187.545      0.005   -43.256
190.273      0.005   -43.894
193.041      0.005   -44.542
195.849      0.005   -45.200
198.697      0.005   -45.867
201.587      0.005   -46.545
204.520      0.005   -47.234
207.494      0.005   -47.932
210.512      0.005   -48.642
213.574      0.005   -49.362
216.681      0.005   -50.093
219.833      0.005   -50.836
223.030      0.005   -51.590
226.274      0.005   -52.356
229.565      0.005   -53.133
232.905      0.005   -53.923
236.292      0.005   -54.725
239.729      0.005   -55.539
243.216      0.005   -56.366
246.754      0.005   -57.206
250.343      0.005   -58.060
253.984      0.005   -58.926
257.678      0.005   -59.806
261.426      0.005   -60.700
265.229      0.004   -61.608
269.087      0.004   -62.531
273.001      0.004   -63.468
276.972      0.004   -64.420
281.000      0.003   -65.387
285.088      0.003   -66.370
289.234      0.003   -67.368
293.441      0.002   -68.383
297.709      0.002   -69.414
302.040      0.001   -70.462
306.433      0.000   -71.526
310.890      0.000   -72.608
315.412     -0.001   -73.708
320.000     -0.002   -74.826
324.655     -0.003   -75.962
329.377     -0.004   -77.117
334.168     -0.005   -78.291
339.028     -0.007   -79.485
343.959     -0.008   -80.699
348.962     -0.010   -81.933
354.038     -0.011   -83.187
359.188     -0.013   -84.463
364.412     -0.015   -85.761
369.713     -0.017   -87.081
375.090     -0.020   -88.424
380.546     -0.023   -89.789
386.081     -0.025   -91.179
391.697     -0.029   -92.592
397.394     -0.032   -94.030
403.175     -0.036   -95.494
409.039     -0.040   -96.983
414.989     -0.044   -98.499
421.025     -0.049  -100.041
427.149     -0.054  -101.612
433.362     -0.059  -103.210
439.665     -0.065  -104.838
446.060     -0.072  -106.495
452.548     -0.079  -108.183
459.131     -0.087  -109.902
465.809     -0.095  -111.653
472.584     -0.104  -113.436
479.458     -0.114  -115.253
486.432     -0.125  -117.104
493.507     -0.137  -118.990
500.686     -0.149  -120.912
507.968     -0.163  -122.871
515.357     -0.177  -124.867
522.853     -0.193  -126.903
530.458     -0.211  -128.978
538.174     -0.229  -131.093
546.002     -0.249  -133.250
553.943     -0.271  -135.450
562.001     -0.295  -137.694
570.175     -0.321  -139.982
578.469     -0.348  -142.316
586.883     -0.378  -144.697
595.419     -0.411  -147.126
604.080     -0.446  -149.604
612.866     -0.484  -152.132
621.780     -0.525  -154.711
630.824     -0.569  -157.342
640.000     -0.617  -160.027
649.309     -0.669  -162.766
658.753     -0.725  -165.561
668.335     -0.785  -168.411
678.056     -0.851  -171.319
687.919     -0.921  -174.285
697.925     -0.997  -177.309
708.077     -1.079   179.607
718.376     -1.167   176.464
728.825     -1.262   173.260
739.426     -1.364   169.996
750.181     -1.473   166.671
761.093     -1.591   163.286
772.163     -1.718   159.840
783.394     -1.854   156.336
794.789     -2.000   152.772
806.349     -2.156   149.151
818.078     -2.322   145.474
829.977     -2.501   141.742
842.050     -2.691   137.957
854.298     -2.894   134.122
866.724     -3.110   130.239
879.330     -3.340   126.312
892.120     -3.584   122.344
905.097     -3.842   118.337
918.262     -4.116   114.298
931.618     -4.404   110.228
945.169     -4.709   106.134
958.917     -5.030   102.020
972.864     -5.367    97.890
987.015     -5.720    93.751
1001.37     -6.090    89.607
1015.94     -6.476    85.463
1030.71     -6.879    81.325
1045.71     -7.299    77.197
1060.92     -7.734    73.086
1076.35     -8.186    68.995
1092.00     -8.653    64.930
1107.89     -9.136    60.895
1124.00     -9.633    56.894
1140.35    -10.145    52.932
1156.94    -10.671    49.011
1173.77    -11.211    45.136
1190.84    -11.764    41.309
1208.16    -12.329    37.532
1225.73    -12.906    33.808
1243.56    -13.495    30.139
1261.65    -14.094    26.527
1280.00    -14.704    22.972
1298.62    -15.323    19.476
1317.51    -15.952    16.040
1336.67    -16.589    12.663
1356.11    -17.234     9.348
1375.84    -17.887     6.092
1395.85    -18.548     2.897
1416.15    -19.214    -0.238
1436.75    -19.887    -3.313
1457.65    -20.566    -6.329
1478.85    -21.251    -9.286
1500.36    -21.941   -12.186
1522.19    -22.635   -15.029
1544.33    -23.334   -17.815
1566.79    -24.037   -20.547
1589.58    -24.743   -23.225
1612.70    -25.454   -25.849
1636.16    -26.167   -28.421
1659.95    -26.884   -30.943
1684.10    -27.603   -33.414
1708.60    -28.326   -35.837
1733.45    -29.050   -38.212
1758.66    -29.777   -40.540
1784.24    -30.506   -42.823
1810.19    -31.238   -45.061
1836.52    -31.970   -47.256
1863.24    -32.705   -49.409
1890.34    -33.441   -51.520
1917.83    -34.179   -53.590
1945.73    -34.918   -55.621
1974.03    -35.658   -57.614
2002.74    -36.400   -59.569
2031.87    -37.142   -61.488
2061.43    -37.886   -63.370
2091.41    -38.630   -65.218
2121.83    -39.376   -67.032
2152.69    -40.122   -68.812
2184.01    -40.869   -70.560
2215.77    -41.617   -72.277
2248.00    -42.365   -73.962
2280.70    -43.114   -75.617
2313.87    -43.864   -77.243
2347.53    -44.614   -78.840
2381.68    -45.365   -80.409
2416.32    -46.116   -81.950
2451.46    -46.867   -83.464
2487.12    -47.619   -84.952
2523.30    -48.372   -86.415
2560.00    -49.125   -87.852
2597.24    -49.878   -89.264
2635.01    -50.632   -90.653
2673.34    -51.386   -92.018
2712.23    -52.140   -93.360
2751.68    -52.895   -94.680
2791.70    -53.650   -95.978
2832.31    -54.405   -97.254
2873.50    -55.160   -98.509
2915.30    -55.916   -99.743
2957.70    -56.672  -100.957
3000.72    -57.429  -102.151
3044.37    -58.185  -103.326
3088.65    -58.942  -104.482
3133.58    -59.699  -105.619
3179.16    -60.457  -106.737
3225.40    -61.214  -107.838
3272.31    -61.972  -108.922
3319.91    -62.730  -109.988
3368.20    -63.488  -111.037
3417.19    -64.247  -112.069
3466.89    -65.006  -113.085
3517.32    -65.765  -114.086
3568.48    -66.524  -115.070
3620.39    -67.284  -116.040
3673.05    -68.044  -116.994
3726.47    -68.804  -117.933
3780.67    -69.564  -118.858
3835.67    -70.325  -119.769
3891.46    -71.086  -120.665
3948.06    -71.847  -121.548
4005.49    -72.608  -122.417
4063.75    -73.370  -123.273
4122.86    -74.132  -124.117
4182.82    -74.894  -124.947
4243.66    -75.657  -125.764
4305.39    -76.420  -126.570
4368.01    -77.183  -127.363
4431.55    -77.947  -128.144
4496.01    -78.711  -128.913
4561.40    -79.475  -129.671
4627.75    -80.240  -130.418
4695.06    -81.005  -131.153
4763.35    -81.770  -131.878
4832.64    -82.536  -132.592
4902.93    -83.302  -133.295
4974.24    -84.069  -133.987
5046.60    -84.836  -134.670
5120.00    -85.603  -135.342
5194.47    -86.371  -136.005
5270.03    -87.139  -136.658
5346.68    -87.908  -137.301
5424.45    -88.677  -137.935
5503.35    -89.447  -138.559
5583.40    -90.217  -139.175
5664.61    -90.988  -139.781
5747.01    -91.759  -140.379
5830.60    -92.531  -140.968
5915.41    -93.304  -141.549
6001.45    -94.077  -142.121
6088.74    -94.850  -142.685
6177.30    -95.625  -143.241
6267.15    -96.400  -143.788
6358.31    -97.175  -144.328
6450.80    -97.952  -144.861
6544.62    -98.729  -145.385
6639.82    -99.506  -145.902
6736.40   -100.285  -146.412
6834.38   -101.064  -146.914
6933.79   -101.844  -147.410
7034.64   -102.625  -147.898
7136.96   -103.407  -148.379
7240.77   -104.189  -148.854
7346.09   -104.973  -149.322
7452.94   -105.757  -149.783
7561.35   -106.542  -150.238
7671.33   -107.329  -150.687
7782.91   -108.116  -151.129
7896.12   -108.905  -151.565
8010.97   -109.694  -151.995
8127.49   -110.485  -152.419
8245.71   -111.277  -152.837
8365.65   -112.070  -153.249
8487.33   -112.864  -153.656
8610.78   -113.659  -154.057
8736.03   -114.456  -154.452
8863.09   -115.254  -154.842
8992.01   -116.054  -155.227
9122.80   -116.854  -155.607
9255.50   -117.657  -155.981
9390.12   -118.461  -156.350
9526.70   -119.266  -156.714
9665.27   -120.073  -157.073
9805.86   -120.882  -157.428
9948.49   -121.693  -157.777
10093.2   -122.505  -158.122
10240.0   -123.319  -158.462
10388.9   -124.135  -158.798
10540.1   -124.953  -159.129
10693.4   -125.774  -159.456
10848.9   -126.596  -159.779
11006.7   -127.420  -160.097
11166.8   -128.247  -160.411
11329.2   -129.076  -160.721
11494.0   -129.907  -161.027
11661.2   -130.741  -161.329
11830.8   -131.577  -161.627
12002.9   -132.416  -161.921
12177.5   -133.258  -162.211
12354.6   -134.102  -162.498
12534.3   -134.950  -162.781
12716.6   -135.800  -163.060
12901.6   -136.654  -163.336
13089.2   -137.511  -163.608
13279.6   -138.371  -163.877
13472.8   -139.235  -164.142
13668.8   -140.102  -164.405
13867.6   -140.973  -164.664
14069.3   -141.848  -164.919
14273.9   -142.727  -165.172
14481.5   -143.610  -165.421
14692.2   -144.498  -165.668
14905.9   -145.389  -165.911
15122.7   -146.286  -166.152
15342.7   -147.187  -166.390
15565.8   -148.093  -166.625
15792.2   -149.004  -166.857
16021.9   -149.921  -167.086
16255.0   -150.843  -167.313
16491.4   -151.771  -167.537
16731.3   -152.705  -167.759
16974.7   -153.645  -167.978
17221.6   -154.592  -168.194
17472.1   -155.545  -168.409
17726.2   -156.505  -168.620
17984.0   -157.473  -168.830
18245.6   -158.448  -169.037
18511.0   -159.431  -169.242
18780.2   -160.422  -169.445
19053.4   -161.422  -169.646
19330.5   -162.430  -169.844
19611.7   -163.448  -170.041
19897.0   -164.476  -170.235
20186.4   -165.513  -170.428
20480.0   -166.561  -170.619
20777.9   -167.621  -170.808
21080.1   -168.691  -170.995
21386.7   -169.774  -171.180
21697.8   -170.870  -171.363
22013.4   -171.978  -171.545
22333.6   -173.101  -171.726
22658.4   -174.238  -171.904
22988.0   -175.390  -172.081
23322.4   -176.558  -172.257
23661.6   -177.743  -172.431
24005.8   -178.945  -172.604
24355.0   -180.166  -172.775
24709.2   -181.407  -172.945
25068.6   -182.668  -173.114
25433.2   -183.952  -173.281
25803.2   -185.258  -173.448
26178.5   -186.588  -173.613
26559.3   -187.944  -173.777
26945.6   -189.328  -173.940
27337.5   -190.740  -174.102
27735.2   -192.183  -174.263
28138.6   -193.659  -174.423
28547.9   -195.169  -174.583
28963.1   -196.717  -174.741
29384.4   -198.304  -174.899
29811.8   -199.934  -175.056
30245.4   -201.609  -175.213
30685.3   -203.334  -175.368
31131.7   -205.111  -175.524
31584.5   -206.945  -175.679
32043.9   -208.841  -175.833
32510.0   -210.803  -175.987
32982.8   -212.839  -176.141
33462.6   -214.953  -176.294
33949.3   -217.154  -176.447
34443.1   -219.451  -176.601
34944.1   -221.853  -176.754
35452.4   -224.371  -176.907
35968.0   -227.018  -177.060
36491.2   -229.811  -177.213
37022.0   -232.767  -177.367
37560.5   -235.907  -177.521
38106.8   -239.259  -177.676
38661.1   -242.853  -177.830
39223.4   -246.729  -177.986
39793.9   -250.936  -178.142
